5 4 2
3
4 50 100 75
40
0 1 2 0
3 2 5 1 (6, 2)
6 3 6 0
10 4 10 0
11 5 8 0
14 6 14 1 (16, 2)
17 7 4 0
19 8 13 0
22 9 12 2 (25, 4),(31, 3)
25 10 2 1 (28, 2)
28 11 4 0
31 12 8 1 (33, 3)
34 13 12 0
37 14 3 2 (40, 2),(43, 1)
40 15 14 0
43 16 5 1 (45, 1)
46 17 7 0
49 18 12 0
51 19 2 0
54 20 14 3 (56, 2),(59, 3),(63, 1)
57 21 4 0
59 22 2 2 (61, 3),(66, 1)
62 23 2 0
65 24 8 1 (67, 2)
68 25 3 0
71 26 15 0
74 27 8 2 (77, 2),(82, 1)
77 28 2 1 (79, 2)
80 29 5 0
83 30 5 0
85 31 13 1 (87, 2)
88 32 15 0
91 33 10 2 (93, 1),(97, 2)
94 34 7 0
97 35 14 1 (99, 1)
100 36 4 0
102 37 15 0
105 38 1 3 (107, 2),(110, 3),(114, 1)
108 39 9 0
111 40 11 1 (113, 2)
9 3
15 4
1 6